315068 0.133394 1.21230536201
315431 1.617947 8.60152578416
315576 2.526497 11.7996279287
315807 5.512457 19.4146172811
315992 6.171623 20.7426271566
316121 7.337819 22.4466778831
316809 14.446237 28.4832644343
317104 16.327763 29.7490443655
317200 16.735674 30.0012082462
317226 16.917532 30.1425959911
317304 17.526781 30.3240249142
317425 18.835591 30.9422697404
317441 19.3362 31.112148029
317514 20.134018 31.4520315551
317596 20.695221 31.7671218788
317672 22.782365 32.262784111
317722 23.133029 32.4674091228
317780 23.133029 32.4674091228
317899 23.133029 32.4674091228
317966 23.133029 32.4674091228
318748 23.196061 32.0919493636
319209 23.705376 29.7656654947
319510 24.978427 27.7419917443
319601 26.385841 28.1764546959
319662 27.095796 28.4525063442
320105 30.968742 29.6021111996
320219 30.968958 29.5533524191
320357 30.968958 29.5533524191
320574 30.969157 29.3527963478
320741 31.293855 29.2461379106
320864 33.028086 29.5698876404
321028 34.611047 29.8049920344
321192 37.35413 30.3618060636
321322 39.35287 30.6578054196
321417 40.448404 30.84877833
321569 41.957138 31.1127789107
322239 50.059062 32.6905648795
322409 52.046394 33.0810360389
322726 53.865877 33.3098273676
322831 53.865877 33.3098273676
323160 53.865877 33.3098273676
323562 55.446454 33.2559002759
323611 55.446454 33.2559002759
323734 56.356387 33.3726458222
324105 59.2608 33.8720242348
324586 61.265143 33.8406667035
324702 61.26533 33.8367204544
324920 63.307705 33.9084841235
325138 65.957128 34.1166381889
325450 66.410626 34.0762450292
326229 66.410635 34.0163233424
326435 66.4106350027 33.8398140141
326869 66.4106354712 32.0844992292
