315068 20180424 0
315431 20180430 6
315576 20180502 8
315807 20180507 13
315992 20180509 15
316121 20180511 17
316809 20180524 30
317104 20180529 35
317200 20180530 36
317226 20180531 37
317304 20180601 38
317425 20180604 41
317441 20180605 42
317514 20180606 43
317596 20180608 45
317672 20180611 48
317722 20180612 49
317780 20180614 51
317899 20180615 52
317966 20180618 55
318748 20180627 64
319209 20180704 72
319510 20180712 80
319601 20180714 82
319662 20180720 88
320105 20180723 91
320219 20180725 93
320357 20180726 94
320574 20180731 99
320741 20180802 101
320864 20180805 104
321028 20180808 107
321192 20180813 112
321322 20180815 114
321417 20180818 117
321569 20180821 120
322239 20180904 134
322409 20180907 137
322726 20180912 142
322831 20180917 147
323160 20180920 150
323562 20180926 156
323611 20180927 157
323734 20180929 159
324105 20181005 165
324586 20181014 174
324702 20181015 175
324920 20181019 179
325138 20181023 183
325450 20181029 189
326229 20181106 197
326435 20181109 200
326869 20181118 209
